6550.07197105559  1.231913
6550.18658038148  1.265874
6550.30118970737  1.249049
6550.41579903326  1.272125
6550.53040835916  1.26125
6550.64501768505  1.253034
6550.75962701094  1.265523
6550.87423633683  1.273422
6550.98884566272  1.274714
6551.10345498861  1.228438
6551.2180643145  1.237482
6551.3326736404  1.2389
6551.44728296629  1.227477
6551.56189229218  1.245792
6551.67650161807  1.22133
6551.79111094396  1.208092
6551.90572026986  1.246418
6552.02032959575  1.240036
6552.13493892164  1.183041
6552.24954824753  1.140089
6552.36415757342  1.11012
6552.47876689931  1.173437
6552.59337622521  1.245535
6552.7079855511  1.253569
6552.82259487699  1.258436
6552.93720420288  1.285747
6553.05181352877  1.314709
6553.16642285466  1.348568
6553.28103218056  1.388615
6553.39564150645  1.238103
6553.51025083234  1.247782
6553.62486015823  1.286772
6553.73946948412  1.27826
6553.85407881002  1.3039
6553.96868813591  1.330023
6554.0832974618  1.291916
6554.19790678769  1.293844
6554.31251611358  1.307353
6554.42712543947  1.294483
6554.54173476536  1.310332
6554.65634409126  1.335019
6554.77095341715  1.340675
6554.88556274304  1.388632
6555.00017206893  1.37147
6555.11478139482  1.329685
6555.22939072071  1.359072
6555.34400004661  1.36402
6555.4586093725  1.38193
6555.57321869839  1.380844
6555.68782802428  1.390482
6555.80243735017  1.412854
6555.91704667607  1.383948
6556.03165600196  1.370635
6556.14626532785  1.379875
6556.26087465374  1.370065
6556.37548397963  1.396895
6556.49009330553  1.380155
6556.60470263142  1.311851
6556.71931195731  1.265929
6556.8339212832  1.177551
6556.94853060909  1.050314
6557.06313993498  0.8744376
6557.17774926088  0.7238314
6557.29235858677  0.5657598
6557.40696791266  0.4439188
6557.52157723855  0.3646263
6557.63618656444  0.419595
6557.75079589033  0.3398191
6557.86540521622  0.3335613
6557.98001454212  0.3471053
6558.09462386801  0.392536
6558.2092331939  0.44777
6558.32384251979  0.4972422
6558.43845184568  0.5789796
6558.55306117158  0.6829907
6558.66767049747  0.7700502
6558.78227982336  0.8416556
6558.89688914925  0.978586
6559.01149847514  1.16462
6559.12610780104  1.383012
6559.24071712693  1.74737
6559.35532645282  2.269599
6559.46993577871  2.984448
6559.5845451046  3.913373
6559.69915443049  5.070394
6559.81376375639  6.308372
6559.92837308228  7.395941
6560.04298240817  8.512774
6560.15759173406  9.523149
6560.27220105995  10.53578
6560.38681038585  11.57818
6560.50141971174  12.56339
6560.61602903763  13.25631
6560.73063836352  13.8413
6560.84524768941  14.56265
6560.9598570153  15.29329
6561.07446634119  15.82049
6561.18907566709  16.38348
6561.30368499298  16.71064
6561.41829431887  17.01896
6561.53290364476  17.18585
6561.64751297065  17.29301
6561.76212229655  17.41564
6561.87673162244  17.49611
6561.99134094833  17.46572
6562.10595027422  17.26293
6562.22055960011  17.2156
6562.335168926  17.22415
6562.4497782519  16.98054
6562.56438757779  16.73485
6562.67899690368  16.45983
6562.79360622957  16.01634
6562.90821555546  15.58596
6563.02282488136  14.98493
6563.13743420725  14.19404
6563.25204353314  13.64675
6563.36665285903  13.18141
6563.48126218492  12.56287
6563.59587151081  11.75787
6563.71048083671  10.83937
6563.8250901626  9.87268
6563.93969948849  9.113516
6564.05430881438  8.768988
6564.16891814027  8.420621
6564.28352746616  7.876446
6564.39813679206  7.257367
6564.51274611795  6.664262
6564.62735544384  6.043144
6564.74196476973  5.506117
6564.85657409562  5.081383
6564.97118342151  4.592189
6565.08579274741  4.048402
6565.2004020733  3.608232
6565.31501139919  3.231861
6565.42962072508  2.892053
6565.54423005097  2.573175
6565.65883937687  2.343264
6565.77344870276  2.165027
6565.88805802865  2.00871
6566.00266735454  1.928522
6566.11727668043  1.811654
6566.23188600632  1.689982
6566.34649533222  1.658254
6566.46110465811  1.629654
6566.575713984  1.616277
6566.69032330989  1.550116
6566.80493263578  1.542939
6566.91954196167  1.53955
6567.03415128757  1.537496
6567.14876061346  1.49423
6567.26336993935  1.471184
6567.37797926524  1.449521
6567.49258859113  1.42866
6567.60719791703  1.42062
6567.72180724292  1.391729
6567.83641656881  1.421786
6567.9510258947  1.480676
6568.06563522059  1.410451
6568.18024454648  1.395305
6568.29485387238  1.373315
6568.40946319827  1.37135
6568.52407252416  1.314332
6568.63868185005  1.36919
6568.75329117594  1.349647
6568.86790050183  1.326783
6568.98250982773  1.345006
6569.09711915362  1.349792
6569.21172847951  1.397503
6569.3263378054  1.383422
6569.44094713129  1.342012
6569.55555645718  1.380695
6569.67016578308  1.315332
6569.78477510897  1.307414
6569.89938443486  1.46523
6570.01399376075  1.823149
6570.12860308665  1.328513
6570.24321241254  1.309557
6570.35782173843  1.271862
6570.47243106432  1.246565
6570.58704039021  1.267582
6570.7016497161  1.262023
6570.81625904199  1.281361
6570.93086836789  1.249267
6571.04547769378  1.239364
6571.16008701967  1.271221
6571.27469634556  1.239798
6571.38930567145  1.231655
6571.50391499734  1.23716
6571.61852432324  1.223563
6571.73313364913  1.138262
6571.84774297502  1.137116
6571.96235230091  1.189101
6572.0769616268  1.184524
6572.1915709527  1.212879
6572.30618027859  1.201332
6572.42078960448  1.202196
6572.53539893037  1.207283
6572.65000825626  1.190306
6572.76461758215  1.182542
6572.87922690805  1.224419
6572.99383623394  1.256892
6573.10844555983  1.194677
6573.22305488572  1.167305
6573.33766421161  1.179579
6573.4522735375  1.209118
6573.56688286339  1.170228
6573.68149218929  1.144018
6573.79610151518  1.163185
6573.91071084107  1.171917
6574.02532016696  1.187633
6574.13992949285  1.192204
6574.25453881875  1.102059
6574.36914814464  1.034091
6574.48375747053  1.00336
6574.59836679642  1.000175
6574.71297612231  1.026317
6574.8275854482  1.053133
6574.9421947741  1.055226
6575.05680409999  1.075253
